3.02 2.43
3.65 2.74
5.11 2.66
4.86 4.50
3.99 4.15
3.33 4.22
3.01 4.30
3.21 4.46
3.09 4.62
3.40 4.46
3.64 4.46
3.36 4.93
3.33 5.21
3.52 5.17
3.13 5.21
3.80 5.21
3.80 5.09
3.96 5.01
3.80 4.85
4.15 5.05
4.14 5.21
4.61 5.17
4.65 5.05
4.49 5.01
4.81 4.85
5.04 5.05
5.36 5.00
5.38 5.26
5.58 5.18
5.74 5.14
5.78 4.91
5.66 4.16
5.54 3.65
5.38 2.74
5.26 2.98
4.79 3.10
4.44 3.10
4.52 2.98
4.67 2.70
4.36 2.86
3.93 2.94
4.08 2.82
4.16 2.66
4.32 2.51
3.96 2.63
3.69 2.55
3.33 2.66
3.33 2.98
3.06 3.02
3.06 3.77
3.18 3.89
3.26 3.53
3.53 3.57
4.67 2.43
4.95 2.55
5.03 2.43
5.89 3.61
5.93 3.81
5.89 4.04
5.93 4.24
5.66 2.53
5.42 2.53
5.89 2.69
5.70 2.96
5.09 5.31
3.86 5.39
3.46 4.72
3.70 4.25
3.14 3.29
3.81 3.33
3.33 3.33
3.06 2.70
